function	script	F_JDJJ_Box	{

				//最新封印setarray .@itemss,4480,4481,4482,4483,4484,4485,4486,4487,4488,4489,4490,4491,4492,4493,4494,4495,4497,4498,4499,4500,4501,4502,4503,4504,4535,4536,4537,4538,4539,4540,4541,4542,4543,4544,27209,27210,27211,27212,27213,27214,27215,27216,27217,27218,27219,27220,27221,27222,27224,27225;
				setarray .@itemss,27209,27210,4493,4498,4480,27211,27212,4480,4481,4482,4483,4484,4485,4486,4487,4488,4489,4490,4491,4492,4494,4495,4497,4499,4500,4501,4502,4503,4504,4535,4536,4537,4538,4539,4540,4541,4542,4543,4544,27211,27212,4480,4481,4482,4483,4484,4485,4486,4487,4488,4489,4490,4491,4492,4494,4495,4497,4499,4500,4501,4502,4503,4504,4535,4536,4537,4538,4539,4540,4541,4542,4543,4544;
				setarray .@numss,1,1,1,1,1,1,1,1,1,1,1,1,1,1,1,1,1,1,1,1,1,1,1,1,1,1,1,1,1,1,1,1,1,1,1,1,1,1,1,1,1,1,1,1,1,1,1,1,1,1,1,1,1,1,1,1,1,1,1,1,1,1,1,1,1,1,1,1,1,1,1,1,1;
				setarray .@anns,27210,4493,4498,4480,27211,27212,4480,4481,4482,4483,4484,4485,4486,4487,4488,4489,4490,4491,4492,4494,4495,4497,4499,4500,4501,4502,4503,4504,4535,4536,4537,4538,4539,4540,4541,4542,4543,4544,27211,27212,4480,4481,4482,4483,4484,4485,4486,4487,4488,4489,4490,4491,4492,4494,4495,4497,4499,4500,4501,4502,4503,4504,4535,4536,4537,4538,4539,4540,4541,4542,4543,4544;
                .@j = rand(0,(getarraysize(.@itemss)-1));
				getitem .@itemss[.@j],.@numss[.@j];
				if ( searcharray(.@anns,.@itemss[.@j]) != -1 )
				announce "恭喜玩家 [ "+strcharinfo(0)+" ] 使用封印王卡卡冊 取得 "+getitemname(.@itemss[.@j])+"！",bc_all;
	end;
}

function	script	F_wocan_Box	{

				setarray .@itemss2,4302,4376,4403,4399,4123,4121,4142,4132,4128,4143,4137,4144,4146,4131,4148,4147,4135,4318,4324,4168,4305,4276,4134,4330,4263,4236,4425,4342,4372,4352,4374,4386,4408,4430,4441,4145,4407,4419,4357,4359,4361,4363,4365,4367,4123,4121,4142,4132,4128,4143,4137,4144,4146,4131,4148,4147,4135,4318,4324,4168,4305,4276,4134,4330,4263,4236,4425,4342,4372,4352,4374,4386,4408,4430,4441,4145,4407,4419,4357,4359,4361,4363,4365,4367;
				setarray .@numss2,1,1,1,1,1,1,1,1,1,1,1,1,1,1,1,1,1,1,1,1,1,1,1,1,1,1,1,1,1,1,1,1,1,1,1,1,1,1,1,1,1,1,1,1,1,1,1,1,1,1,1,1,1,1,1,1,1,1,1,1,1,1,1,1,1,1,1,1,1,1,1,1,1,1,1,1,1,1,1,1,1,1,1,1;
				setarray .@anns2,4302,4376,4403,4399,4123,4121,4142,4132,4128,4143,4137,4144,4146,4131,4148,4147,4135,4318,4324,4168,4305,4276,4134,4330,4263,4236,4425,4342,4372,4352,4374,4386,4408,4430,4441,4145,4407,4419,4357,4359,4361,4363,4365,4367,4123,4121,4142,4132,4128,4143,4137,4144,4146,4131,4148,4147,4135,4318,4324,4168,4305,4276,4134,4330,4263,4236,4425,4342,4372,4352,4374,4386,4408,4430,4441,4145,4407,4419,4357,4359,4361,4363,4365,4367;
                .@j = rand(0,(getarraysize(.@itemss2)-1));
				getitem .@itemss2[.@j],.@numss2[.@j];
				if ( searcharray(.@anns2,.@itemss2[.@j]) != -1 )
				announce "恭喜玩家 [ "+strcharinfo(0)+" ] 使用黃金卡冊 取得 "+getitemname(.@itemss2[.@j])+"！",bc_all;
	end;
}



//物品後方加上	callfunc "F_JDJJ_Box",4;	4=精靈王	10=好野人

//getitem callfunc("F_Rand",4480,4481,4482,4483,4484,4485,4486,4487,4488,4489,4490,4491,4492,4493,4494,4495,4497,4498,4499,4500,4501,4502,4503,4504,4535,4536,4537,4538,4539,4540,4541,4542,4543,4544),1; },{},{}