uttycty,110,172,4	script	精煉物品兌換	4_f_agentkafra,{
	disable_items;
	end;
OnInit:
	setnpcicon getnpcid(0),1026,"精煉物品兌換";
	waitingroom "★ 精煉物品 ★ ",0;
	
	tradertype(NST_EXPANDED_BARTER);
	
	sellitem(1010,500,-1);
	sellitem(1011,1000,-1);
	sellitem(985,5000,-1,757,5);
	sellitem(984,5000,-1,756,5);
	sellitem(7619,30000,-1,985,15);
	sellitem(7620,30000,-1,984,15);
	sellitem(6241,400000,-1,7619,5);
	sellitem(6240,400000,-1,7620,5);
	sellitem(6223,10000,-1,985,3);
	sellitem(6224,10000,-1,984,3);
	sellitem(6225,100000,-1,6223,5);
	sellitem(6226,300000,-1,6224,5);
	sellitem(25729,25000,-1,25728,10);
	sellitem(25731,25000,-1,25730,10);
	sellitem(23436,150000,-1,25729,150);
	sellitem(6635,150000,-1,25731,200);

	//二級防具與五級武器
	sellitem(1000331, 50000, -1, 985, 3, 0, 1000322, 1, 0);
	sellitem(1000332, 50000, -1, 984, 3, 0, 1000322, 1, 0);
	sellitem(1000333, 100000, -1, 7619, 3, 0, 1000322, 2, 0);
	sellitem(1000334, 100000, -1, 7620, 3, 0, 1000322, 2, 0);
	sellitem(1000335, 250000, -1, 6240, 3, 0, 1000322, 3, 0);
	sellitem(1000336, 250000, -1, 6241, 3, 0, 1000322, 3, 0);
	sellitem(1000370, 50000, -1, 6223, 2, 0, 1000322, 3, 0);
	sellitem(1000371, 50000, -1, 6225, 2, 0, 1000322, 3, 0);
	sellitem(1000368, 100000, -1, 6224, 2, 0, 1000322, 3, 0);
	sellitem(1000369, 100000, -1, 6226, 2, 0, 1000322, 3, 0);

	//強化石
	sellitem(1000430, 8000, -1, 1000419, 5, 0);
	sellitem(1000434, 8000, -1, 1000423, 5, 0);
	sellitem(1000438, 8000, -1, 1000426, 5, 0);

	//中級強化石
	sellitem(1000431, 12000, -1, 1000420, 3, 0);
	sellitem(1000435, 12000, -1, 1000424, 3, 0);
	sellitem(1000439, 12000, -1, 1000427, 3, 0);

	//高級強化石
	sellitem(1000432, 25000, -1, 1000421, 1, 0);
	sellitem(1000436, 25000, -1, 25920, 1, 0);
	sellitem(1000440, 25000, -1, 1000428, 1, 0);
	
	
OnBuyItem:
end;
}


